area_fips	annual_avg_estabs	annual_avg_emplvl	total_annual_wages
48001	1679	20430	845584318	
48003	476	6801	385554251	
48005	1876	35842	1380054063	
48007	639	6246	224308416	
48009	254	1664	57068449	
48011	58	385	13741383	
48013	874	11973	516569178	
48015	999	10187	444496045	
48017	269	2516	95682023	
48019	461	3173	108608571	
48021	1348	17100	620686058	
48023	179	1204	40570354	
48025	623	9013	334735246	
48027	5253	116479	5142613340	
48029	39949	841335	40249743781	
48031	355	3016	125969310	
48033	63	249	7850429	
48035	365	3688	130318429	
48037	2362	42263	1621342587	
48039	5594	105991	5718770840	
48041	4405	99930	3901950599	
48043	388	3763	142696531	
48045	87	326	9934939	
48047	172	2369	92977393	
48049	919	15878	561860364	
48051	412	3880	154538721	
48053	1261	13744	555009306	
48055	712	8217	294619744	
48057	586	11120	693354398	
48059	232	2145	78513939	
48061	6529	138490	4439945224	
48063	247	3816	143442287	
48065	160	4715	370500108	
48067	555	7379	271356858	
48069	303	2571	92537731	
48071	667	13550	813988053	
48073	825	14760	509238712	
48075	238	2530	96943077	
48077	168	1303	43555013	
48079	119	705	26650026	
48081	101	683	22645138	
48083	251	2065	62260980	
48085	23526	380419	23885806934	
48087	120	874	35972813	
48089	638	6882	270323099	
48091	3439	51382	2154525766	
48093	333	3608	115585116	
48095	85	838	32077270	
48097	975	14349	618615695	
48099	1161	16485	634640011	
48101	139	490	18216463	
48103	111	1339	72973326	
48105	215	1504	55041352	
48107	215	1454	50322967	
48109	106	1251	49465467	
48111	384	4426	187906117	
48113	75070	1651334	107106176489	
48115	518	4331	160735169	
48117	504	7573	297315859	
48119	100	1296	27373877	
48121	14136	227819	11081914267	
48123	596	7331	297314978	
48125	67	452	14959592	
48127	330	5341	251015213	
48129	129	978	30237637	
48131	200	3178	118722413	
48133	490	6626	265338996	
48135	3895	67104	3504161392	
48137	68	376	12299934	
48139	2795	48584	2024940131	
48141	14810	296977	10979206323	
48143	1117	16278	543908445	
48145	292	3124	112475788	
48147	530	7301	280040701	
48149	812	9183	342857296	
48151	139	944	36018462	
48153	281	1646	56906333	
48155	69	329	9232451	
48157	12466	173591	8629139251	
48159	222	2977	114067002	
48161	396	4973	216832633	
48163	427	6160	271620399	
48165	607	6167	291877240	
48167	6125	107732	5055726562	
48169	199	1814	67606857	
48171	1056	10406	379941610	
48173	114	559	24705697	
48175	163	1259	43208891	
48177	543	7073	273184043	
48179	625	7812	357294651	
48181	3060	45095	1848292145	
48183	4258	74292	3242600154	
48185	495	7079	317353474	
48187	2074	38573	1563724778	
48189	894	11811	412370107	
48191	118	781	22741320	
48193	248	2467	85608889	
48195	240	2168	107765005	
48197	134	1177	40048990	
48199	852	12801	519664974	
48201	113415	2266730	153565486584	
48203	1373	23139	1084392580	
48205	165	2498	95162688	
48207	234	1673	54276708	
48209	4058	63865	2449743580	
48211	227	2028	116149816	
48213	1455	16800	559925922	
48215	12196	249614	8236014038	
48217	747	9631	372353515	
48219	636	9561	425557858	
48221	1379	15723	634067718	
48223	848	12730	469415281	
48225	702	6972	318611530	
48227	942	12527	575877501	
48229	88	1182	65819493	
48231	1440	29119	1470765054	
48233	520	8819	542786539	
48235	91	983	63238546	
48237	251	3063	145151561	
48239	418	5578	230876315	
48241	641	9931	379698667	
48243	82	953	29930209	
48245	5876	122507	6767916397	
48247	139	1664	65339268	
48249	936	15971	622310890	
48251	3031	44756	1809149622	
48253	361	3038	111786576	
48255	386	5572	281951293	
48257	1918	30076	1199813502	
48259	1396	14706	693691645	
48261	37	479	25519265	
48263	40	271	10274684	
48265	1474	17740	719053270	
48267	184	1322	43453316	
48269	21	84	3257667	
48271	74	775	34179672	
48273	654	12134	433740313	
48275	153	1170	47649465	
48277	1197	20937	862084912	
48279	464	3868	143138098	
48281	428	4471	147394531	
48283	182	2981	174934928	
48285	516	5553	202216820	
48287	441	6827	322479970	
48289	407	5039	236250459	
48291	1156	16510	665734285	
48293	399	7634	296322163	
48295	122	1272	53514860	
48297	318	3679	185339659	
48299	529	4624	159670572	
48301	12	74	2881633	
48303	7492	137296	5647910325	
48305	213	1431	55561774	
48307	279	2836	103694312	
48309	5161	110666	4782693713	
48311	82	585	30645998	
48313	304	4765	168157028	
48315	166	1965	62610283	
48317	207	1945	94963767	
48319	167	1079	32453262	
48321	831	10782	550293233	
48323	888	17741	563075564	
48325	827	9302	321521801	
48327	84	404	10660074	
48329	5443	83625	5357482801	
48331	467	5817	255872951	
48333	149	1284	41357189	
48335	194	2129	86581616	
48337	505	4697	175280728	
48339	10873	168572	8823879824	
48341	541	10847	479911497	
48343	232	3571	143418057	
48345	69	340	9004243	
48347	1386	22486	812241411	
48349	982	16317	576307378	
48351	137	1358	42339237	
48353	422	5985	243103801	
48355	8295	161769	7338876250	
48357	402	4465	214300209	
48359	103	1104	50837850	
48361	1407	22238	1081838218	
48363	706	8419	339819290	
48365	530	8181	351325689	
48367	2595	31365	1299975967	
48369	337	5747	221852566	
48371	424	5684	243958753	
48373	795	10949	405936847	
48375	3997	79111	3369766870	
48377	178	2180	84543054	
48379	201	1826	54550484	
48381	2386	30104	1238213017	
48383	164	1717	85629054	
48385	106	736	18736980	
48387	238	2583	81402710	
48389	318	4455	182855366	
48391	211	2200	83912857	
48393	43	267	10636647	
48395	354	3961	169148986	
48397	2293	28143	1136529296	
48399	284	2862	96275886	
48401	862	13300	584007628	
48403	193	2209	77862740	
48405	149	1590	58466163	
48407	237	2065	68523511	
48409	1144	19222	889788342	
48411	224	1782	63203656	
48413	96	798	32901779	
48415	470	7093	342640191	
48417	169	1286	57075645	
48419	576	8240	297803509	
48421	131	1029	41670186	
48423	6098	102335	4424684229	
48425	221	3826	226247248	
48427	610	15381	454182479	
48429	315	3126	112123395	
48431	102	588	24481902	
48433	85	500	17386196	
48435	192	1884	111211697	
48437	216	1951	66184253	
48439	41980	855756	44816987864	
48441	3644	60275	2344370290	
48443	50	288	11970347	
48445	416	3866	157550609	
48447	76	488	16402346	
48449	722	15592	563706877	
48451	2962	46911	1861049598	
48453	38979	705811	43169140413	
48455	214	2340	78304302	
48457	310	3864	133851281	
48459	551	6631	237179132	
48461	109	1533	92526259	
48463	734	10067	327248849	
48465	906	17363	625107294	
48467	952	10645	354679140	
48469	2516	39247	1700487372	
48471	1076	24668	949408398	
48473	821	15980	686004186	
48475	352	4335	224802436	
48477	943	14758	551379725	
48479	5282	98546	3421188552	
48481	1150	15409	556368314	
48483	236	2094	78035316	
48485	3202	53305	2058725350	
48487	347	5967	216097186	
48489	313	3510	116106197	
48491	10056	158526	8149081361	
48493	711	7670	268603534	
48495	199	2468	133320077	
48497	1346	19242	825143461	
48499	861	9858	350646744	
48501	292	3740	197665449	
48503	638	6844	272981709	
48505	192	3266	143992876	
48507	182	2631	80506422	
48999	27427	253593	20817321310	
